0.008000259154602219
0.007938399674933656
0.007843281202988661
0.007683079199150129
0.007382547557542658
0.007259257543798563
0.0076922073038403135
0.007169999539649606
0.0072229625208426775
0.007233347423612037
0.007232801873165825
0.007228763705530092
0.007243160235777367
0.007269308608367851
0.007159301673290392
0.007146577794437897
0.007124818741277454
0.00710885463270341
0.007044459083902166
0.006987897333675072
0.006897799203283596
0.006842030585887084
0.006772741551102848
0.006696293826049467
0.006614112814458695
0.006531887524164341
0.006454598974674528
0.006369557991234215
0.006273093257880541
0.006160197329935785
0.006053575364577637
0.005961644907583761
0.005847455190433814
0.005652076923755432
0.005638716282510773
0.005493463493702992
0.0053664356520872905
0.005214095542772111
0.005049427292039449
0.0048509866431303734
0.004651913249637227
0.004443317187611993
0.004236030522664538
0.004021562616168262
0.0037530615084656526
0.003456221822370183
0.0031319593362828073
0.0027754809052465638
0.0023732404658048786
0.0020796113421958384
0.0024121943331201004
0.003613287385577267
0.005174527066633829
0.007086193477951417
0.009874923047953803
0.012638828130903895
0.016758432820326765
0.021073611538412942
0.026066077921924138
0.03205660482695849
0.038774508775966214
0.046340925545722784
0.05426030080557446
0.06225476970314593
0.07057320202771353
0.0791405236095459
0.08596001853266746
0.09206531529310472
0.09467283397318371
0.09575219863151128
0.09614853866809897
0.09440371508777447
0.09224948293921387
0.08929151309935895
0.08554240443538846
0.0814690903615598
0.07749194281017405
0.07340403850454337
0.06957007155594556
0.0657989508046957
0.062055168296832275
0.058626326046370636
0.05610348858565904
0.05481700020677174
0.050096816359896074
0.04875720718148116
0.04605437299470031
0.04399488198411249
0.04204970495313562
0.040493213750553717
0.03883240115724724
0.036620688821228695
0.03421812981470534
0.032208134251005355
0.030607535874379338
0.029273737353834456
0.02810720477153674
0.026865125875374197
0.0257759370828389
0.02469302142329289
